Meet, Date, Age Category, Lifter, Body Weight (Kg), Snatch Lift 1, Snatch Lift 2, Snatch Lift 3, C&J Lift 1, C&J Lift 2, C&J Lift 3, Best Snatch, Best C&J, Total
2020 Pan American Masters, 2020-10-11, Men's Masters (40-44) 102kg, Jared Coon, 101.9, 136, 130, 0, 173, 165, 0, 136, 173, 309
2020 Pan American Masters, 2020-10-11, Men's Masters (40-44) 102kg, Jared Coon, 101.9, 136, 130, 0, 173, 165, 0, 136, 173, 309
2020 Pan American Masters, 2020-10-03, Men's Masters (35-39) 109kg, Kornel George, 107.09, 144, 142, 0, 162, 157, 0, 144, 162, 306
2020 Pan American Masters, 2020-10-03, Men's Masters (35-39) 109kg, Kornel George, 107.09, 144, 142, 0, 162, 157, 0, 144, 162, 306
2020 Pan American Masters, 2020-10-17, Men's Masters (35-39) 109kg, James Soucie, 108.7, 135, 130, 0, -174, 168, 0, 135, 168, 303
2020 Pan American Masters, 2020-10-17, Men's Masters (35-39) 109kg, James Soucie, 108.7, 135, 130, 0, -174, 168, 0, 135, 168, 303
2020 Pan American Masters, 2020-10-16, Men's Masters (35-39) +109kg, david ethier, 110.2, 135, 0, 0, 165, 0, 0, 135, 165, 300
2020 Pan American Masters, 2020-10-16, Men's Masters (35-39) +109kg, david ethier, 110.2, 135, 0, 0, 165, 0, 0, 135, 165, 300
2020 Pan American Masters, 2020-10-14, Men's Masters (35-39) 109kg, Ryan Grage, 107.65, 125, 120, 0, 167, 162, 0, 125, 167, 292
2020 Pan American Masters, 2020-10-14, Men's Masters (35-39) 109kg, Ryan Grage, 107.65, 125, 120, 0, 167, 162, 0, 125, 167, 292
2020 Pan American Masters, 2020-10-18, Men's Masters (35-39) 81kg, Thomas Morga, 81, 125, 120, 0, 155, 150, 0, 125, 155, 280
2020 Pan American Masters, 2020-10-18, Men's Masters (35-39) 81kg, Thomas Morga, 81, 125, 120, 0, 155, 150, 0, 125, 155, 280
2020 Pan American Masters, 2020-10-17, Men's Masters (50-54) 102kg, Wilfred Hernandez, 102, 120, 0, 0, 155, 0, 0, 120, 155, 275
2020 Pan American Masters, 2020-10-17, Men's Masters (45-49) +109kg, Dominic Ahuna, 143.5, 125, 0, 0, 150, 0, 0, 125, 150, 275
2020 Pan American Masters, 2020-10-17, Men's Masters (45-49) +109kg, Dominic Ahuna, 143.5, 125, 0, 0, 150, 0, 0, 125, 150, 275
2020 Pan American Masters, 2020-10-17, Men's Masters (50-54) 102kg, Wilfred Hernandez, 102, 120, 0, 0, 155, 0, 0, 120, 155, 275
2020 Pan American Masters, 2020-10-18, Men's Masters (35-39) 109kg, Matt Rademacher, 107.8, 130, 120, 0, 140, 0, 0, 130, 140, 270
2020 Pan American Masters, 2020-10-18, Men's Masters (35-39) 109kg, Matt Rademacher, 107.8, 130, 120, 0, 140, 0, 0, 130, 140, 270
2020 Pan American Masters, 2020-10-12, Men's Masters (45-49) +109kg, Brian Pirone, 115, 123, 122, 0, 145, 0, 0, 123, 145, 268
2020 Pan American Masters, 2020-10-12, Men's Masters (45-49) +109kg, Brian Pirone, 115, 123, 122, 0, 145, 0, 0, 123, 145, 268
2020 Pan American Masters, 2020-10-11, Men's Masters (45-49) +109kg, Jeremy Villa, 136, 120, 118, 0, 146, 142, 0, 120, 146, 266
2020 Pan American Masters, 2020-10-11, Men's Masters (45-49) +109kg, Jeremy Villa, 136, 120, 118, 0, 146, 142, 0, 120, 146, 266
2020 Pan American Masters, 2020-10-13, Men's Masters (40-44) 81kg, Matthew Blankenship, 80.6, 120, 0, 0, 145, 0, 0, 120, 145, 265
2020 Pan American Masters, 2020-10-13, Men's Masters (40-44) 81kg, Matthew Blankenship, 80.6, 120, 0, 0, 145, 0, 0, 120, 145, 265
2020 Pan American Masters, 2020-10-17, Men's Masters (50-54) 89kg, Robert Arroyo, 87, 115, 119, 0, 137, 142, 0, 119, 142, 261
2020 Pan American Masters, 2020-10-17, Men's Masters (50-54) 89kg, Robert Arroyo, 87, 115, 119, 0, 137, 142, 0, 119, 142, 261
2020 Pan American Masters, 2020-10-12, Men's Masters (45-49) +109kg, Eric Shelangoski, 123.9, 115, 110, 0, 145, 140, 0, 115, 145, 260
2020 Pan American Masters, 2020-10-12, Men's Masters (45-49) +109kg, Eric Shelangoski, 123.9, 115, 110, 0, 145, 140, 0, 115, 145, 260
2020 Pan American Masters, 2020-10-13, Men's Masters (50-54) 109kg, James Malone, 109, 107, 103, 0, 146, 150, 0, 107, 150, 257
2020 Pan American Masters, 2020-10-13, Men's Masters (50-54) 109kg, James Malone, 109, 107, 103, 0, 146, 150, 0, 107, 150, 257
2020 Pan American Masters, 2020-10-17, Men's Masters (45-49) 109kg, Merlin Castillo, 107.2, 115, 110, 0, 140, 0, 0, 115, 140, 255
2020 Pan American Masters, 2020-10-17, Men's Masters (45-49) 109kg, Merlin Castillo, 107.2, 115, 110, 0, 140, 0, 0, 115, 140, 255
2020 Pan American Masters, 2020-10-16, Men's Masters (40-44) 89kg, Bryan Garretson, 88, 115, 0, 0, 133, 0, 0, 115, 133, 248
2020 Pan American Masters, 2020-10-16, Men's Masters (40-44) 89kg, Bryan Garretson, 88, 115, 0, 0, 133, 0, 0, 115, 133, 248
2020 Pan American Masters, 2020-10-18, Men's Masters (35-39) 96kg, Nicholas Ragaini, 95.8, 115, 111, 0, -135, 130, 0, 115, 130, 245
2020 Pan American Masters, 2020-10-18, Men's Masters (35-39) 96kg, Nicholas Ragaini, 95.8, 115, 111, 0, -135, 130, 0, 115, 130, 245
2020 Pan American Masters, 2020-10-15, Men's Masters (35-39) 96kg, Eric McGill, 93.89, 110, 100, 0, -140, 130, 0, 110, 130, 240
2020 Pan American Masters, 2020-10-15, Men's Masters (35-39) 96kg, Eric McGill, 93.89, 110, 100, 0, -140, 130, 0, 110, 130, 240
2020 Pan American Masters, 2020-10-18, Men's Masters (35-39) 96kg, Paul Dixon, 94, 106, 102, 0, 132, 127, 0, 106, 132, 238
2020 Pan American Masters, 2020-10-18, Men's Masters (35-39) 96kg, Paul Dixon, 94, 106, 102, 0, 132, 127, 0, 106, 132, 238
2020 Pan American Masters, 2020-10-17, Men's Masters (50-54) 102kg, Steve Nicholls, 101.3, 111, 105, 0, 125, 0, 0, 111, 125, 236
2020 Pan American Masters, 2020-10-17, Men's Masters (50-54) 102kg, Steve Nicholls, 101.3, 111, 105, 0, 125, 0, 0, 111, 125, 236
2020 Pan American Masters, 2020-10-17, Men's Masters (40-44) 89kg, osagie iyamu, 86, 104, 0, 0, 131, 0, 0, 104, 131, 235
2020 Pan American Masters, 2020-10-17, Men's Masters (40-44) 89kg, osagie iyamu, 86, 104, 0, 0, 131, 0, 0, 104, 131, 235
2020 Pan American Masters, 2020-10-18, Men's Masters (35-39) +109kg, Kevin Brady, 145, -100, 95, 0, 140, 135, 0, 95, 140, 235
2020 Pan American Masters, 2020-10-18, Men's Masters (35-39) +109kg, Kevin Brady, 145, -100, 95, 0, 140, 135, 0, 95, 140, 235
2020 Pan American Masters, 2020-10-18, Men's Masters (55-59) 102kg, Noel Hernandez, 96.8, 100, 95, 0, 130, 125, 0, 100, 130, 230
2020 Pan American Masters, 2020-10-12, Men's Masters (35-39) 96kg, Jacob Thompson, 96, 105, 100, 0, -133, 125, 0, 105, 125, 230
2020 Pan American Masters, 2020-10-12, Men's Masters (35-39) 96kg, Jacob Thompson, 96, 105, 100, 0, -133, 125, 0, 105, 125, 230
2020 Pan American Masters, 2020-10-18, Men's Masters (55-59) 102kg, Noel Hernandez, 96.8, 100, 95, 0, 130, 125, 0, 100, 130, 230
2020 Pan American Masters, 2020-10-11, Men's Masters (45-49) +109kg, Terry Smith, 111.5, 103, 100, 0, 125, 117, 0, 103, 125, 228
2020 Pan American Masters, 2020-10-11, Men's Masters (45-49) +109kg, Terry Smith, 111.5, 103, 100, 0, 125, 117, 0, 103, 125, 228
2020 Pan American Masters, 2020-10-14, Men's Masters (45-49) 102kg, Scottie Hubbard, 102, 102, 97, 0, 125, 120, 0, 102, 125, 227
2020 Pan American Masters, 2020-10-14, Men's Masters (45-49) 102kg, Scottie Hubbard, 102, 102, 97, 0, 125, 120, 0, 102, 125, 227
2020 Pan American Masters, 2020-10-17, Men's Masters (35-39) 81kg, Jimmy Duke III, 80.7, 105, 0, 0, 122, 0, 0, 105, 122, 227
2020 Pan American Masters, 2020-10-17, Men's Masters (35-39) 81kg, Jimmy Duke III, 80.7, 105, 0, 0, 122, 0, 0, 105, 122, 227
2020 Pan American Masters, 2020-10-17, Men's Masters (40-44) 96kg, Paul Sinclair, 89.7, 102, 0, 0, 124, 0, 0, 102, 124, 226
2020 Pan American Masters, 2020-10-11, Men's Masters (45-49) 109kg, Tony Keeler, 106, 97, 95, 0, 129, 0, 0, 97, 129, 226
2020 Pan American Masters, 2020-10-17, Men's Masters (40-44) 96kg, Paul Sinclair, 89.7, 102, 0, 0, 124, 0, 0, 102, 124, 226
2020 Pan American Masters, 2020-10-11, Men's Masters (45-49) 109kg, Tony Keeler, 106, 97, 95, 0, 129, 0, 0, 97, 129, 226
2020 Pan American Masters, 2020-10-18, Men's Masters (40-44) 96kg, Rafael Macho Barrios, 89.5, 100, 95, 0, 125, 0, 0, 100, 125, 225
2020 Pan American Masters, 2020-10-18, Men's Masters (40-44) 96kg, Rafael Macho Barrios, 89.5, 100, 95, 0, 125, 0, 0, 100, 125, 225
2020 Pan American Masters, 2020-10-14, Men's Masters (40-44) 73kg, Spencer Tsai, 72.7, 99, 98, 0, 125, 123, 0, 99, 125, 224
2020 Pan American Masters, 2020-10-14, Men's Masters (40-44) 73kg, Spencer Tsai, 72.7, 99, 98, 0, 125, 123, 0, 99, 125, 224
2020 Pan American Masters, 2020-10-18, Men's Masters (55-59) 96kg, Osvaldo Ruiz, 89.9, 101, 0, 0, 120, 0, 0, 101, 120, 221
2020 Pan American Masters, 2020-10-18, Men's Masters (55-59) 96kg, Osvaldo Ruiz, 89.9, 101, 0, 0, 120, 0, 0, 101, 120, 221
2020 Pan American Masters, 2020-10-18, Men's Masters (40-44) 96kg, Paul Hedrick, 92.5, 105, 100, 0, 115, 110, 0, 105, 115, 220
2020 Pan American Masters, 2020-10-16, Men's Masters (35-39) 73kg, Carlos Hernandez, 73, 95, 88, 0, 125, 0, 0, 95, 125, 220
2020 Pan American Masters, 2020-10-18, Men's Masters (40-44) 96kg, Paul Hedrick, 92.5, 105, 100, 0, 115, 110, 0, 105, 115, 220
2020 Pan American Masters, 2020-10-16, Men's Masters (35-39) 73kg, Carlos Hernandez, 73, 95, 88, 0, 125, 0, 0, 95, 125, 220
2020 Pan American Masters, 2020-10-10, Men's Masters (45-49) 102kg, Neil Kanterman, 97.2, 98, 95, 0, 120, 115, 0, 98, 120, 218
2020 Pan American Masters, 2020-10-12, Men's Masters (45-49) 81kg, Ireneusz Dabrowski, 79.3, 93, 0, 0, 125, 0, 0, 93, 125, 218
2020 Pan American Masters, 2020-10-10, Men's Masters (45-49) 102kg, Neil Kanterman, 97.2, 98, 95, 0, 120, 115, 0, 98, 120, 218
2020 Pan American Masters, 2020-10-12, Men's Masters (45-49) 81kg, Ireneusz Dabrowski, 79.3, 93, 0, 0, 125, 0, 0, 93, 125, 218
2020 Pan American Masters, 2020-10-13, Men's Masters (40-44) +109kg, Kaleo Cornwell, 117.1, 95, 0, 0, 120, 0, 0, 95, 120, 215
2020 Pan American Masters, 2020-10-13, Men's Masters (40-44) +109kg, Kaleo Cornwell, 117.1, 95, 0, 0, 120, 0, 0, 95, 120, 215
2020 Pan American Masters, 2020-10-18, Men's Masters (45-49) 96kg, kurby Brown, 95.3, 94, 92, 0, 120, 115, 0, 94, 120, 214
2020 Pan American Masters, 2020-10-18, Men's Masters (45-49) 96kg, kurby Brown, 95.3, 94, 92, 0, 120, 115, 0, 94, 120, 214
2020 Pan American Masters, 2020-10-16, Men's Masters (45-49) 81kg, James Aftosmis, 80.77, 92, 90, 0, -126, 121, 0, 92, 121, 213
2020 Pan American Masters, 2020-10-11, Men's Masters (40-44) 73kg, Matthew Brennan, 73, 95, 92, 0, 118, 113, 0, 95, 118, 213
2020 Pan American Masters, 2020-10-16, Men's Masters (45-49) 81kg, James Aftosmis, 80.77, 92, 90, 0, -126, 121, 0, 92, 121, 213
2020 Pan American Masters, 2020-10-11, Men's Masters (40-44) 73kg, Matthew Brennan, 73, 95, 92, 0, 118, 113, 0, 95, 118, 213
2020 Pan American Masters, 2020-10-16, Men's Masters (40-44) 73kg, Christopher Campbell, 72.8, 94, 92, 0, 118, 116, 0, 94, 118, 212
2020 Pan American Masters, 2020-10-16, Men's Masters (40-44) 73kg, Christopher Campbell, 72.8, 94, 92, 0, 118, 116, 0, 94, 118, 212
2020 Pan American Masters, 2020-10-18, Men's Masters (40-44) 73kg, Datton Nguyen, 72.8, 95, 0, 0, 116, 0, 0, 95, 116, 211
2020 Pan American Masters, 2020-10-18, Men's Masters (40-44) 73kg, Datton Nguyen, 72.8, 95, 0, 0, 116, 0, 0, 95, 116, 211
2020 Pan American Masters, 2020-10-12, Men's Masters (35-39) 73kg, Brian Leung, 72.1, 95, 0, 0, 115, 111, 0, 95, 115, 210
2020 Pan American Masters, 2020-10-12, Men's Masters (35-39) 73kg, Brian Leung, 72.1, 95, 0, 0, 115, 111, 0, 95, 115, 210
2020 Pan American Masters, 2020-10-18, Men's Masters (35-39) 81kg, Colin Stark, 80.2, 98, 90, 0, -120, 110, 0, 98, 110, 208
2020 Pan American Masters, 2020-10-18, Men's Masters (35-39) 81kg, Colin Stark, 80.2, 98, 90, 0, -120, 110, 0, 98, 110, 208
2020 Pan American Masters, 2020-10-14, Men's Masters (55-59) 81kg, Tom King, 80.73, 95, 0, 0, 112, 0, 0, 95, 112, 207
2020 Pan American Masters, 2020-10-14, Men's Masters (55-59) 81kg, Tom King, 80.73, 95, 0, 0, 112, 0, 0, 95, 112, 207
2020 Pan American Masters, 2020-10-18, Men's Masters (45-49) 73kg, Michael Romero, 72.8, 92, 0, 0, 110, 0, 0, 92, 110, 202
2020 Pan American Masters, 2020-10-17, Men's Masters (55-59) 89kg, Robert O'Day, 88.4, 90, 85, 0, 112, 107, 0, 90, 112, 202
2020 Pan American Masters, 2020-10-15, Men's Masters (60-64) +109kg, Robert Madsen, 138.3, 90, 85, 0, 112, 108, 0, 90, 112, 202
2020 Pan American Masters, 2020-10-17, Men's Masters (55-59) 89kg, Robert O'Day, 88.4, 90, 85, 0, 112, 107, 0, 90, 112, 202
2020 Pan American Masters, 2020-10-15, Men's Masters (60-64) +109kg, Robert Madsen, 138.3, 90, 85, 0, 112, 108, 0, 90, 112, 202
2020 Pan American Masters, 2020-10-16, Men's Masters (55-59) 89kg, Patrick Baldwin, 88.65, 82, 79, 0, 120, 118, 0, 82, 120, 202
2020 Pan American Masters, 2020-10-18, Men's Masters (45-49) 73kg, Michael Romero, 72.8, 92, 0, 0, 110, 0, 0, 92, 110, 202
2020 Pan American Masters, 2020-10-16, Men's Masters (55-59) 89kg, Patrick Baldwin, 88.65, 82, 79, 0, 120, 118, 0, 82, 120, 202
2020 Pan American Masters, 2020-10-17, Men's Masters (40-44) 109kg, joe iacono, 108.7, 85, 83, 0, 116, 115, 0, 85, 116, 201
2020 Pan American Masters, 2020-10-17, Men's Masters (40-44) 109kg, joe iacono, 108.7, 85, 83, 0, 116, 115, 0, 85, 116, 201
2020 Pan American Masters, 2020-10-17, Men's Masters (45-49) 109kg, Anthony Surre, 107.3, 90, 88, 0, -113, 108, 0, 90, 108, 198
2020 Pan American Masters, 2020-10-17, Men's Masters (45-49) 109kg, Anthony Surre, 107.3, 90, 88, 0, -113, 108, 0, 90, 108, 198
2020 Pan American Masters, 2020-10-05, Men's Masters (45-49) 96kg, Benjamin Eskra, 94.2, 84, 82, 0, -113, 111, 0, 84, 111, 195
2020 Pan American Masters, 2020-10-05, Men's Masters (45-49) 96kg, Benjamin Eskra, 94.2, 84, 82, 0, -113, 111, 0, 84, 111, 195
2020 Pan American Masters, 2020-10-17, Men's Masters (45-49) 89kg, Jeven Sloan, 88, 80, 75, 0, 115, 112, 0, 80, 115, 195
2020 Pan American Masters, 2020-10-17, Men's Masters (45-49) 89kg, Jeven Sloan, 88, 80, 75, 0, 115, 112, 0, 80, 115, 195
2020 Pan American Masters, 2020-10-16, Men's Masters (40-44) 89kg, Kyung Shin, 88.5, 89, 0, 0, 102, 0, 0, 89, 102, 191
2020 Pan American Masters, 2020-10-16, Men's Masters (40-44) 89kg, Kyung Shin, 88.5, 89, 0, 0, 102, 0, 0, 89, 102, 191
2020 Pan American Masters, 2020-10-17, Men's Masters (55-59) 89kg, BILLY GOODSON, 88.8, 87, 82, 0, 104, 97, 0, 87, 104, 191
2020 Pan American Masters, 2020-10-17, Men's Masters (55-59) 89kg, BILLY GOODSON, 88.8, 87, 82, 0, 104, 97, 0, 87, 104, 191
2020 Pan American Masters, 2020-10-18, Women's Masters (35-39) +87kg, Rebecca Lipsey, 101.8, 90, 0, 0, 100, 95, 0, 90, 100, 190
2020 Pan American Masters, 2020-10-18, Men's Masters (50-54) 67kg, Christopher Follenius, 66.6, 85, 80, 0, -108, 105, 0, 85, 105, 190
2020 Pan American Masters, 2020-10-17, Men's Masters (50-54) 61kg, Pablo Roman, 60.2, 85, 80, 0, 105, 100, 0, 85, 105, 190
2020 Pan American Masters, 2020-10-18, Men's Masters (50-54) 67kg, Christopher Follenius, 66.6, 85, 80, 0, -108, 105, 0, 85, 105, 190
2020 Pan American Masters, 2020-10-18, Men's Masters (45-49) 81kg, Matthew Konar, 77.6, 80, 75, 0, 110, 105, 0, 80, 110, 190
2020 Pan American Masters, 2020-10-18, Women's Masters (35-39) +87kg, Rebecca Lipsey, 101.8, 90, 0, 0, 100, 95, 0, 90, 100, 190
2020 Pan American Masters, 2020-10-17, Men's Masters (50-54) 61kg, Pablo Roman, 60.2, 85, 80, 0, 105, 100, 0, 85, 105, 190
2020 Pan American Masters, 2020-10-18, Men's Masters (45-49) 81kg, Matthew Konar, 77.6, 80, 75, 0, 110, 105, 0, 80, 110, 190
2020 Pan American Masters, 2020-10-10, Men's Masters (55-59) 102kg, Mark Lado, 98.8, 73, 0, 0, 116, 0, 0, 73, 116, 189
2020 Pan American Masters, 2020-10-10, Men's Masters (55-59) 102kg, Mark Lado, 98.8, 73, 0, 0, 116, 0, 0, 73, 116, 189
2020 Pan American Masters, 2020-10-18, Men's Masters (50-54) 96kg, Chris Crotty, 93, 80, 75, 0, 107, 101, 0, 80, 107, 187
2020 Pan American Masters, 2020-10-18, Men's Masters (50-54) 96kg, Chris Crotty, 93, 80, 75, 0, 107, 101, 0, 80, 107, 187
2020 Pan American Masters, 2020-10-17, Men's Masters (55-59) 89kg, Eric Gough, 86.2, 81, 79, 0, 106, 0, 0, 81, 106, 187
2020 Pan American Masters, 2020-10-17, Men's Masters (55-59) 89kg, Eric Gough, 86.2, 81, 79, 0, 106, 0, 0, 81, 106, 187
2020 Pan American Masters, 2020-10-06, Women's Masters (35-39) 81kg, Amanda Cook, 81, 84, 82, 0, 101, 98, 0, 84, 101, 185
2020 Pan American Masters, 2020-10-18, Women's Masters (40-44) 76kg, Robin Leafblad, 73.7, 80, 0, 0, 105, -102, 0, 80, 105, 185
2020 Pan American Masters, 2020-10-06, Women's Masters (35-39) 81kg, Amanda Cook, 81, 84, 82, 0, 101, 98, 0, 84, 101, 185
2020 Pan American Masters, 2020-10-18, Women's Masters (40-44) 76kg, Robin Leafblad, 73.7, 80, 0, 0, 105, -102, 0, 80, 105, 185
2020 Pan American Masters, 2020-10-17, Women's Masters (35-39) 64kg, Traci Beaune, 63.3, 83, 80, 0, 100, 0, 0, 83, 100, 183
2020 Pan American Masters, 2020-10-17, Men's Masters (55-59) 109kg, Jonathan Cragle, 109, 80, 78, 0, 103, 98, 0, 80, 103, 183
2020 Pan American Masters, 2020-10-17, Men's Masters (55-59) 109kg, Jonathan Cragle, 109, 80, 78, 0, 103, 98, 0, 80, 103, 183
2020 Pan American Masters, 2020-10-17, Women's Masters (35-39) 64kg, Traci Beaune, 63.3, 83, 80, 0, 100, 0, 0, 83, 100, 183
2020 Pan American Masters, 2020-10-17, Men's Masters (35-39) 61kg, Daniel Louie, 60.1, 81, 78, 0, 101, 98, 0, 81, 101, 182
2020 Pan American Masters, 2020-10-03, Men's Masters (45-49) 67kg, Brad Baldwin, 66.7, 84, 81, 0, 98, 95, 0, 84, 98, 182
2020 Pan American Masters, 2020-10-17, Men's Masters (60-64) 81kg, Jose Lozada Ruiz, 76.6, 82, 77, 0, 100, 95, 0, 82, 100, 182
2020 Pan American Masters, 2020-10-03, Men's Masters (45-49) 67kg, Brad Baldwin, 66.7, 84, 81, 0, 98, 95, 0, 84, 98, 182
2020 Pan American Masters, 2020-10-17, Men's Masters (60-64) 81kg, Jose Lozada Ruiz, 76.6, 82, 77, 0, 100, 95, 0, 82, 100, 182
2020 Pan American Masters, 2020-10-17, Men's Masters (35-39) 61kg, Daniel Louie, 60.1, 81, 78, 0, 101, 98, 0, 81, 101, 182
2020 Pan American Masters, 2020-10-17, Men's Masters (40-44) 67kg, Eric Chang, 66.75, 84, 0, 0, 96, 0, 0, 84, 96, 180
2020 Pan American Masters, 2020-10-12, Women's Masters (35-39) 76kg, Kevin Hurley, 74.7, 79, 77, 0, 101, 99, 0, 79, 101, 180
2020 Pan American Masters, 2020-10-17, Men's Masters (40-44) 67kg, Eric Chang, 66.75, 84, 0, 0, 96, 0, 0, 84, 96, 180
2020 Pan American Masters, 2020-10-12, Women's Masters (35-39) 76kg, Kevin Hurley, 74.7, 79, 77, 0, 101, 99, 0, 79, 101, 180
2020 Pan American Masters, 2020-10-07, Men's Masters (50-54) 73kg, Joe Rodriguez, 71.9, 79, 76, 0, 101, 95, 0, 79, 101, 180
2020 Pan American Masters, 2020-10-18, Men's Masters (50-54) 73kg, Gunther Farfan, 69.45, 75, 0, 0, 105, 0, 0, 75, 105, 180
2020 Pan American Masters, 2020-10-07, Men's Masters (50-54) 73kg, Joe Rodriguez, 71.9, 79, 76, 0, 101, 95, 0, 79, 101, 180
2020 Pan American Masters, 2020-10-18, Men's Masters (50-54) 73kg, Gunther Farfan, 69.45, 75, 0, 0, 105, 0, 0, 75, 105, 180
2020 Pan American Masters, 2020-10-17, Women's Masters (40-44) 87kg, Katy Davis, 82.7, 77, 0, 0, 101, 98, 0, 77, 101, 178
2020 Pan American Masters, 2020-10-18, Women's Masters (35-39) +87kg, Melissa Lease, 91, 81, 0, 0, 97, 0, 0, 81, 97, 178
2020 Pan American Masters, 2020-10-18, Men's Masters (60-64) 81kg, Scott Obici, 80.9, 76, 0, 0, 102, 100, 0, 76, 102, 178
2020 Pan American Masters, 2020-10-18, Men's Masters (60-64) 81kg, Scott Obici, 80.9, 76, 0, 0, 102, 100, 0, 76, 102, 178
2020 Pan American Masters, 2020-10-17, Women's Masters (40-44) 87kg, Katy Davis, 82.7, 77, 0, 0, 101, 98, 0, 77, 101, 178
2020 Pan American Masters, 2020-10-18, Women's Masters (35-39) +87kg, Melissa Lease, 91, 81, 0, 0, 97, 0, 0, 81, 97, 178
2020 Pan American Masters, 2020-10-12, Women's Masters (35-39) 64kg, Elizabeth Bacon, 63.8, 80, 78, 0, 96, 92, 0, 80, 96, 176
2020 Pan American Masters, 2020-10-14, Women's Masters (35-39) 81kg, Amanda Roberts, 77.5, 77, 74, 0, 99, 95, 0, 77, 99, 176
2020 Pan American Masters, 2020-10-12, Women's Masters (35-39) 64kg, Elizabeth Bacon, 63.8, 80, 78, 0, 96, 92, 0, 80, 96, 176
2020 Pan American Masters, 2020-10-14, Women's Masters (35-39) 81kg, Amanda Roberts, 77.5, 77, 74, 0, 99, 95, 0, 77, 99, 176
2020 Pan American Masters, 2020-10-15, Men's Masters (60-64) 109kg, Mark SOLOMON, 108.8, 80, 0, 0, 94, 0, 0, 80, 94, 174
2020 Pan American Masters, 2020-10-15, Men's Masters (60-64) 109kg, Mark SOLOMON, 108.8, 80, 0, 0, 94, 0, 0, 80, 94, 174
2020 Pan American Masters, 2020-10-18, Men's Masters (50-54) 81kg, Peter Wollman, 79.9, 81, 77, 0, 92, 88, 0, 81, 92, 173
2020 Pan American Masters, 2020-10-15, Men's Masters (55-59) 81kg, Francis Kozub, 79.5, 75, 72, 0, -102, 98, 0, 75, 98, 173
2020 Pan American Masters, 2020-10-18, Men's Masters (50-54) 81kg, Peter Wollman, 79.9, 81, 77, 0, 92, 88, 0, 81, 92, 173
2020 Pan American Masters, 2020-10-15, Men's Masters (55-59) 81kg, Francis Kozub, 79.5, 75, 72, 0, -102, 98, 0, 75, 98, 173
2020 Pan American Masters, 2020-10-18, Men's Masters (60-64) 102kg, Stephen Powell, 97.9, 77, 0, 0, 94, 0, 0, 77, 94, 171
2020 Pan American Masters, 2020-10-18, Men's Masters (60-64) 102kg, Stephen Powell, 97.9, 77, 0, 0, 94, 0, 0, 77, 94, 171
2020 Pan American Masters, 2020-10-17, Men's Masters (60-64) 89kg, Clay Reed, 82.2, 80, 75, 0, 90, 85, 0, 80, 90, 170
2020 Pan American Masters, 2020-10-17, Men's Masters (60-64) 89kg, Clay Reed, 82.2, 80, 75, 0, 90, 85, 0, 80, 90, 170
2020 Pan American Masters, 2020-10-14, Women's Masters (35-39) 64kg, Amber Grage, 63.9, 75, 73, 0, 94, 90, 0, 75, 94, 169
2020 Pan American Masters, 2020-10-17, Men's Masters (55-59) 102kg, Randall Lewis, 99.7, 75, 72, 0, 94, 86, 0, 75, 94, 169
2020 Pan American Masters, 2021-04-18, Women's Masters (35-39) 71kg, Amanda Whiting, 70.2, 71, 73, 0, 94, 96, 0, 73, 96, 169
2020 Pan American Masters, 2020-10-14, Women's Masters (35-39) 64kg, Amber Grage, 63.9, 75, 73, 0, 94, 90, 0, 75, 94, 169
2020 Pan American Masters, 2020-10-11, Men's Masters (65-69) 89kg, Carlos Rivera, 88, 77, 75, 0, 92, 90, 0, 77, 92, 169
2020 Pan American Masters, 2020-10-17, Men's Masters (55-59) 102kg, Randall Lewis, 99.7, 75, 72, 0, 94, 86, 0, 75, 94, 169
2020 Pan American Masters, 2020-10-11, Men's Masters (65-69) 89kg, Carlos Rivera, 88, 77, 75, 0, 92, 90, 0, 77, 92, 169
2020 Pan American Masters, 2020-10-18, Women's Masters (40-44) 76kg, Kristin Roskowick, 76, 73, 71, 0, 95, 91, 0, 73, 95, 168
2020 Pan American Masters, 2020-10-17, Men's Masters (55-59) 89kg, Alex McInnes, 85.7, 75, 70, 0, 93, 91, 0, 75, 93, 168
2020 Pan American Masters, 2020-10-17, Men's Masters (55-59) 89kg, Alex McInnes, 85.7, 75, 70, 0, 93, 91, 0, 75, 93, 168
2020 Pan American Masters, 2020-10-16, Men's Masters (65-69) 89kg, Victor Reid, 88.4, 77, 0, 0, 91, 90, 0, 77, 91, 168
2020 Pan American Masters, 2020-10-16, Men's Masters (65-69) 89kg, Victor Reid, 88.4, 77, 0, 0, 91, 90, 0, 77, 91, 168
2020 Pan American Masters, 2020-10-18, Women's Masters (40-44) 76kg, Kristin Roskowick, 76, 73, 71, 0, 95, 91, 0, 73, 95, 168
2020 Pan American Masters, 2020-10-13, Women's Masters (35-39) 59kg, Jill Thornton, 59, 75, 74, 0, -93, 92, 0, 75, 92, 167
2020 Pan American Masters, 2020-10-13, Women's Masters (35-39) 59kg, Jill Thornton, 59, 75, 74, 0, -93, 92, 0, 75, 92, 167
2020 Pan American Masters, 2020-10-18, Men's Masters (65-69) 102kg, JIM RANDALL, 102, 78, 0, 0, 87, 0, 0, 78, 87, 165
2020 Pan American Masters, 2020-10-18, Men's Masters (65-69) 102kg, JIM RANDALL, 102, 78, 0, 0, 87, 0, 0, 78, 87, 165
2020 Pan American Masters, 2020-10-18, Women's Masters (35-39) 71kg, Erin Ely, 70.4, 72, 70, 0, 91, 88, 0, 72, 91, 163
2020 Pan American Masters, 2020-10-18, Women's Masters (35-39) 71kg, Erin Ely, 70.4, 72, 70, 0, 91, 88, 0, 72, 91, 163
2020 Pan American Masters, 2020-10-17, Women's Masters (35-39) +87kg, Erin Becker, 96.65, 70, 67, 0, 88, 91, 0, 70, 91, 161
2020 Pan American Masters, 2020-10-17, Women's Masters (35-39) +87kg, Kimberlee Douglas, 116.4, 72, 70, 0, 89, 86, 0, 72, 89, 161
2020 Pan American Masters, 2020-10-17, Women's Masters (35-39) +87kg, Erin Becker, 96.65, 70, 67, 0, 88, 91, 0, 70, 91, 161
2020 Pan American Masters, 2020-10-17, Women's Masters (35-39) +87kg, Kimberlee Douglas, 116.4, 72, 70, 0, 89, 86, 0, 72, 89, 161
2020 Pan American Masters, 2020-10-17, Men's Masters (60-64) 96kg, Jimmy Jacobs, 94.1, 71, 69, 0, 90, 88, 0, 71, 90, 161
2020 Pan American Masters, 2020-10-17, Men's Masters (60-64) 96kg, Jimmy Jacobs, 94.1, 71, 69, 0, 90, 88, 0, 71, 90, 161
2020 Pan American Masters, 2020-10-10, Men's Masters (40-44) +109kg, King Butter, 125, 70, 60, 0, 90, 80, 0, 70, 90, 160
2020 Pan American Masters, 2020-10-10, Men's Masters (40-44) +109kg, King Butter, 125, 70, 60, 0, 90, 80, 0, 70, 90, 160
2020 Pan American Masters, 2020-10-17, Men's Masters (50-54) 81kg, James Ellison, 78.9, 70, 0, 0, 90, 0, 0, 70, 90, 160
2020 Pan American Masters, 2020-10-10, Women's Masters (40-44) 55kg, KATHY NELSON-PAUL, 55, 71, 69, 0, 89, 86, 0, 71, 89, 160
2020 Pan American Masters, 2020-10-17, Men's Masters (50-54) 73kg, Lan Nguyen, 72.39, 70, 0, 0, 90, 0, 0, 70, 90, 160
2020 Pan American Masters, 2020-10-17, Men's Masters (50-54) 81kg, James Ellison, 78.9, 70, 0, 0, 90, 0, 0, 70, 90, 160
2020 Pan American Masters, 2020-10-10, Women's Masters (40-44) 55kg, KATHY NELSON-PAUL, 55, 71, 69, 0, 89, 86, 0, 71, 89, 160
2020 Pan American Masters, 2020-10-17, Men's Masters (50-54) 73kg, Lan Nguyen, 72.39, 70, 0, 0, 90, 0, 0, 70, 90, 160
2020 Pan American Masters, 2020-10-16, Women's Masters (40-44) 71kg, Amy Hovan, 70.6, 72, 0, 0, 87, 0, 0, 72, 87, 159
2020 Pan American Masters, 2020-10-16, Women's Masters (40-44) 71kg, Amy Hovan, 70.6, 72, 0, 0, 87, 0, 0, 72, 87, 159
2020 Pan American Masters, 2020-10-17, Women's Masters (40-44) +87kg, Carolina Cortez, 97.7, 68, 66, 0, 89, 85, 0, 68, 89, 157
2020 Pan American Masters, 2020-10-17, Women's Masters (40-44) +87kg, Carolina Cortez, 97.7, 68, 66, 0, 89, 85, 0, 68, 89, 157
2020 Pan American Masters, 2020-10-14, Women's Masters (45-49) 76kg, Jennifer Jasper, 71.2, 69, 0, 0, 87, 0, 0, 69, 87, 156
2020 Pan American Masters, 2020-10-14, Women's Masters (45-49) 76kg, Jennifer Jasper, 71.2, 69, 0, 0, 87, 0, 0, 69, 87, 156
2020 Pan American Masters, 2020-10-18, Men's Masters (55-59) 89kg, Craig MacDonald, 87.92, -70, 68, 0, 87, 84, 0, 68, 87, 155
2020 Pan American Masters, 2020-10-18, Men's Masters (55-59) 89kg, Craig MacDonald, 87.92, -70, 68, 0, 87, 84, 0, 68, 87, 155
2020 Pan American Masters, 2020-10-13, Men's Masters (65-69) 102kg, Walter Warren, 98.5, 68, 63, 0, 87, 83, 0, 68, 87, 155
2020 Pan American Masters, 2020-10-13, Men's Masters (65-69) 102kg, Walter Warren, 98.5, 68, 63, 0, 87, 83, 0, 68, 87, 155
2020 Pan American Masters, 2020-10-11, Women's Masters (45-49) +87kg, Maika Godwin, 91.2, 70, 65, 0, 85, 80, 0, 70, 85, 155
2020 Pan American Masters, 2020-10-11, Women's Masters (45-49) +87kg, Maika Godwin, 91.2, 70, 65, 0, 85, 80, 0, 70, 85, 155
2020 Pan American Masters, 2020-10-18, Men's Masters (60-64) 81kg, Kurt Leverett, 80.9, 68, 0, 0, 86, 83, 0, 68, 86, 154
2020 Pan American Masters, 2020-10-18, Men's Masters (60-64) 81kg, Kurt Leverett, 80.9, 68, 0, 0, 86, 83, 0, 68, 86, 154
2020 Pan American Masters, 2020-10-11, Men's Masters (60-64) 67kg, Barry Myers, 66.4, 73, 70, 0, 80, 78, 0, 73, 80, 153
2020 Pan American Masters, 2020-10-17, Men's Masters (60-64) 73kg, Frank Bisaccia, 73, 68, 66, 0, -87, 85, 0, 68, 85, 153
2020 Pan American Masters, 2020-10-11, Men's Masters (60-64) 67kg, Barry Myers, 66.4, 73, 70, 0, 80, 78, 0, 73, 80, 153
2020 Pan American Masters, 2020-10-17, Men's Masters (60-64) 73kg, Frank Bisaccia, 73, 68, 66, 0, -87, 85, 0, 68, 85, 153
2020 Pan American Masters, 2020-10-18, Women's Masters (40-44) 71kg, Valerie Greenslade, 70.55, 70, 68, 0, 81, 79, 0, 70, 81, 151
2020 Pan American Masters, 2020-10-18, Women's Masters (40-44) 71kg, Valerie Greenslade, 70.55, 70, 68, 0, 81, 79, 0, 70, 81, 151
2020 Pan American Masters, 2020-10-18, Men's Masters (55-59) 89kg, Tom Armstrong, 85.5, 68, 0, 0, 83, 0, 0, 68, 83, 151
2020 Pan American Masters, 2020-10-18, Men's Masters (55-59) 89kg, Tom Armstrong, 85.5, 68, 0, 0, 83, 0, 0, 68, 83, 151
2020 Pan American Masters, 2020-10-18, Men's Masters (60-64) 89kg, Teddy Binette, 88.2, 65, 60, 0, 85, 80, 0, 65, 85, 150
2020 Pan American Masters, 2020-10-18, Men's Masters (60-64) 89kg, Teddy Binette, 88.2, 65, 60, 0, 85, 80, 0, 65, 85, 150
2020 Pan American Masters, 2020-10-18, Women's Masters (50-54) +87kg, Candace Dees-Barrios, 104.8, 65, 63, 0, 84, 80, 0, 65, 84, 149
2020 Pan American Masters, 2020-10-18, Women's Masters (50-54) +87kg, Candace Dees-Barrios, 104.8, 65, 63, 0, 84, 80, 0, 65, 84, 149
2020 Pan American Masters, 2020-10-18, Women's Masters (35-39) 64kg, Kelly DeLear, 63.7, 69, 66, 0, 79, 76, 0, 69, 79, 148
2020 Pan American Masters, 2020-10-18, Women's Masters (35-39) 64kg, Kelly DeLear, 63.7, 69, 66, 0, 79, 76, 0, 69, 79, 148
2020 Pan American Masters, 2020-10-12, Men's Masters (65-69) 73kg, Robert Bondiman, 72.6, 66, 65, 0, 81, 80, 0, 66, 81, 147
2020 Pan American Masters, 2020-10-12, Men's Masters (55-59) 67kg, Mark Hummel, 66.9, 61, 0, 0, 86, 82, 0, 61, 86, 147
2020 Pan American Masters, 2020-10-18, Women's Masters (35-39) 64kg, Jessica Cummings, 63.7, 67, 65, 0, 80, 78, 0, 67, 80, 147
2020 Pan American Masters, 2020-10-12, Men's Masters (65-69) 73kg, Robert Bondiman, 72.6, 66, 65, 0, 81, 80, 0, 66, 81, 147
2020 Pan American Masters, 2020-10-15, Women's Masters (45-49) 64kg, Jenny Clouse, 61.7, 65, 0, 0, 82, 0, 0, 65, 82, 147
2020 Pan American Masters, 2020-10-12, Men's Masters (55-59) 67kg, Mark Hummel, 66.9, 61, 0, 0, 86, 82, 0, 61, 86, 147
2020 Pan American Masters, 2020-10-18, Women's Masters (35-39) 64kg, Jessica Cummings, 63.7, 67, 65, 0, 80, 78, 0, 67, 80, 147
2020 Pan American Masters, 2020-10-15, Women's Masters (45-49) 64kg, Jenny Clouse, 61.7, 65, 0, 0, 82, 0, 0, 65, 82, 147
2020 Pan American Masters, 2020-10-16, Women's Masters (40-44) 64kg, Angela Salveo, 62.1, 64, 0, 0, 82, 0, 0, 64, 82, 146
2020 Pan American Masters, 2020-10-17, Women's Masters (40-44) 64kg, Caroline Mundell, 59.9, 63, 0, 0, 83, 0, 0, 63, 83, 146
2020 Pan American Masters, 2020-10-17, Women's Masters (40-44) 64kg, Caroline Mundell, 59.9, 63, 0, 0, 83, 0, 0, 63, 83, 146
2020 Pan American Masters, 2020-10-12, Men's Masters (70-74) 81kg, K Kelly, 80.19, 64, 60, 0, 82, 80, 0, 64, 82, 146
2020 Pan American Masters, 2020-10-18, Women's Masters (50-54) 71kg, Katherine Redcher Bowling, 67.1, 64, 62, 0, 82, 80, 0, 64, 82, 146
2020 Pan American Masters, 2020-10-12, Men's Masters (70-74) 81kg, K Kelly, 80.19, 64, 60, 0, 82, 80, 0, 64, 82, 146
2020 Pan American Masters, 2020-10-18, Women's Masters (50-54) 71kg, Katherine Redcher Bowling, 67.1, 64, 62, 0, 82, 80, 0, 64, 82, 146
2020 Pan American Masters, 2020-10-16, Women's Masters (40-44) 64kg, Angela Salveo, 62.1, 64, 0, 0, 82, 0, 0, 64, 82, 146
2020 Pan American Masters, 2020-10-18, Men's Masters (55-59) 73kg, Osman Manzanares, 70.4, 65, 0, 0, 80, 0, 0, 65, 80, 145
2020 Pan American Masters, 2020-10-17, Women's Masters (45-49) 87kg, Amy Glockner, 86.2, 64, 63, 0, 81, 78, 0, 64, 81, 145
2020 Pan American Masters, 2020-10-18, Men's Masters (55-59) 73kg, Osman Manzanares, 70.4, 65, 0, 0, 80, 0, 0, 65, 80, 145
2020 Pan American Masters, 2020-10-17, Women's Masters (45-49) 87kg, Amy Glockner, 86.2, 64, 63, 0, 81, 78, 0, 64, 81, 145
2020 Pan American Masters, 2020-10-18, Women's Masters (45-49) 71kg, Jennifer Lee, 65.3, 66, 63, 0, 77, 70, 0, 66, 77, 143
2020 Pan American Masters, 2020-10-18, Women's Masters (45-49) 71kg, Jennifer Lee, 65.3, 66, 63, 0, 77, 70, 0, 66, 77, 143
2020 Pan American Masters, 2020-10-17, Men's Masters (65-69) 102kg, David Meltzer, 99.5, 65, 63, 0, 77, 75, 0, 65, 77, 142
2020 Pan American Masters, 2020-10-17, Men's Masters (65-69) 102kg, David Meltzer, 99.5, 65, 63, 0, 77, 75, 0, 65, 77, 142
2020 Pan American Masters, 2020-10-15, Women's Masters (35-39) 71kg, Maria Lesser, 70.4, 62, 60, 0, 79, 70, 0, 62, 79, 141
2020 Pan American Masters, 2020-10-15, Women's Masters (35-39) 71kg, Maria Lesser, 70.4, 62, 60, 0, 79, 70, 0, 62, 79, 141
2020 Pan American Masters, 2020-10-03, Men's Masters (65-69) +109kg, Peter Pauline, 110.4, 61, 56, 0, 79, 74, 0, 61, 79, 140
2020 Pan American Masters, 2020-10-03, Men's Masters (65-69) +109kg, Peter Pauline, 110.4, 61, 56, 0, 79, 74, 0, 61, 79, 140
2020 Pan American Masters, 2020-10-11, Men's Masters (65-69) 89kg, John Considine Jr, 88.8, 62, 0, 0, 75, 0, 0, 62, 75, 137
2020 Pan American Masters, 2020-10-11, Men's Masters (65-69) 89kg, John Considine Jr, 88.8, 62, 0, 0, 75, 0, 0, 62, 75, 137
2020 Pan American Masters, 2020-10-18, Women's Masters (50-54) 81kg, Marni Thurston, 80, 58, 56, 0, 77, 74, 0, 58, 77, 135
2020 Pan American Masters, 2020-10-14, Men's Masters (70-74) 89kg, Joseph Quinn, 81.2, 60, 58, 0, 75, 73, 0, 60, 75, 135
2020 Pan American Masters, 2020-10-14, Men's Masters (70-74) 89kg, Joseph Quinn, 81.2, 60, 58, 0, 75, 73, 0, 60, 75, 135
2020 Pan American Masters, 2020-10-18, Women's Masters (50-54) 81kg, Marni Thurston, 80, 58, 56, 0, 77, 74, 0, 58, 77, 135
2020 Pan American Masters, 2020-10-17, Women's Masters (50-54) 59kg, Cici Fougere, 57.75, 58, 0, 0, 76, 74, 0, 58, 76, 134
2020 Pan American Masters, 2020-10-10, Women's Masters (40-44) 64kg, Lissette Rodriguez, 63.1, 60, 58, 0, 74, 70, 0, 60, 74, 134
2020 Pan American Masters, 2020-10-17, Women's Masters (50-54) 59kg, Cici Fougere, 57.75, 58, 0, 0, 76, 74, 0, 58, 76, 134
2020 Pan American Masters, 2020-10-10, Women's Masters (40-44) 64kg, Lissette Rodriguez, 63.1, 60, 58, 0, 74, 70, 0, 60, 74, 134
2020 Pan American Masters, 2020-10-18, Women's Masters (40-44) 87kg, Rebecca Rutkoski, 85.7, 57, 55, 0, 75, 73, 0, 57, 75, 132
2020 Pan American Masters, 2020-10-18, Women's Masters (40-44) 87kg, Rebecca Rutkoski, 85.7, 57, 55, 0, 75, 73, 0, 57, 75, 132
2020 Pan American Masters, 2020-10-17, Women's Masters (45-49) 64kg, Fay Leung, 61.3, 58, 56, 0, -76, 74, 0, 58, 74, 132
2020 Pan American Masters, 2020-10-17, Women's Masters (45-49) 64kg, Fay Leung, 61.3, 58, 56, 0, -76, 74, 0, 58, 74, 132
2020 Pan American Masters, 2020-10-17, Women's Masters (40-44) 64kg, Morgan White, 63.5, 59, 58, 0, 72, 69, 0, 59, 72, 131
2020 Pan American Masters, 2020-10-17, Women's Masters (40-44) 64kg, Morgan White, 63.5, 59, 58, 0, 72, 69, 0, 59, 72, 131
2020 Pan American Masters, 2020-10-17, Women's Masters (45-49) +87kg, Kristina Teel, 104.4, 59, 55, 0, 71, 66, 0, 59, 71, 130
2020 Pan American Masters, 2020-10-17, Women's Masters (45-49) +87kg, Kristina Teel, 104.4, 59, 55, 0, 71, 66, 0, 59, 71, 130
2020 Pan American Masters, 2020-10-16, Women's Masters (40-44) 64kg, Erin Martin, 63.8, 57, 51, 0, 72, 65, 0, 57, 72, 129
2020 Pan American Masters, 2020-10-16, Women's Masters (40-44) 64kg, Erin Martin, 63.8, 57, 51, 0, 72, 65, 0, 57, 72, 129
2020 Pan American Masters, 2020-10-12, Women's Masters (40-44) 76kg, Kimberly Idio, 76, 59, 0, 0, 68, 65, 0, 59, 68, 127
2020 Pan American Masters, 2020-10-12, Women's Masters (40-44) 76kg, Kimberly Idio, 76, 59, 0, 0, 68, 65, 0, 59, 68, 127
2020 Pan American Masters, 2020-10-10, Women's Masters (45-49) 71kg, Erin Byrom, 68.5, 55, 53, 0, 70, 68, 0, 55, 70, 125
2020 Pan American Masters, 2020-10-10, Women's Masters (45-49) 71kg, Erin Byrom, 68.5, 55, 53, 0, 70, 68, 0, 55, 70, 125
2020 Pan American Masters, 2020-10-18, Women's Masters (40-44) 76kg, Angela Pardue, 72.9, 57, 50, 0, 67, 64, 0, 57, 67, 124
2020 Pan American Masters, 2020-10-18, Women's Masters (40-44) 76kg, Angela Pardue, 72.9, 57, 50, 0, 67, 64, 0, 57, 67, 124
2020 Pan American Masters, 2020-10-17, Women's Masters (35-39) 71kg, Jovel Crisostomo, 67, 54, 51, 0, 69, 66, 0, 54, 69, 123
2020 Pan American Masters, 2020-10-10, Women's Masters (35-39) 64kg, Kathleen Hafeli, 63.4, 59, 0, 0, 64, 0, 0, 59, 64, 123
2020 Pan American Masters, 2020-10-17, Women's Masters (35-39) 71kg, Jovel Crisostomo, 67, 54, 51, 0, 69, 66, 0, 54, 69, 123
2020 Pan American Masters, 2020-10-10, Women's Masters (35-39) 64kg, Kathleen Hafeli, 63.4, 59, 0, 0, 64, 0, 0, 59, 64, 123
2020 Pan American Masters, 2020-10-12, Women's Masters (55-59) +87kg, Debbie Alexander, 137, 53, 52, 0, 69, 67, 0, 53, 69, 122
2020 Pan American Masters, 2020-10-17, Women's Masters (40-44) +87kg, melissa sabin, 94, 54, 52, 0, 68, 65, 0, 54, 68, 122
2020 Pan American Masters, 2020-10-17, Women's Masters (40-44) +87kg, melissa sabin, 94, 54, 52, 0, 68, 65, 0, 54, 68, 122
2020 Pan American Masters, 2020-10-18, Women's Masters (50-54) 55kg, Loretta Kikuchi, 54.55, 55, 0, 0, 67, 0, 0, 55, 67, 122
2020 Pan American Masters, 2020-10-12, Women's Masters (55-59) +87kg, Debbie Alexander, 137, 53, 52, 0, 69, 67, 0, 53, 69, 122
2020 Pan American Masters, 2020-10-18, Women's Masters (50-54) 55kg, Loretta Kikuchi, 54.55, 55, 0, 0, 67, 0, 0, 55, 67, 122
2020 Pan American Masters, 2020-10-03, Women's Masters (50-54) 87kg, Leanda Bevans, 81.5, 52, 50, 0, 68, 66, 0, 52, 68, 120
2020 Pan American Masters, 2020-10-17, Women's Masters (50-54) 76kg, Jennifer Perrier, 73.65, 54, 52, 0, 66, 63, 0, 54, 66, 120
2020 Pan American Masters, 2020-10-03, Women's Masters (50-54) 87kg, Leanda Bevans, 81.5, 52, 50, 0, 68, 66, 0, 52, 68, 120
2020 Pan American Masters, 2020-10-17, Women's Masters (50-54) 76kg, Jennifer Perrier, 73.65, 54, 52, 0, 66, 63, 0, 54, 66, 120
2020 Pan American Masters, 2020-10-03, Women's Masters (35-39) 55kg, Tamara scull, 50.2, 52, 49, 0, 67, 65, 0, 52, 67, 119
2020 Pan American Masters, 2020-10-18, Women's Masters (35-39) 59kg, Roni Ayalla, 59, 51, 48, 0, -71, 68, 0, 51, 68, 119
2020 Pan American Masters, 2020-10-03, Women's Masters (35-39) 55kg, Tamara scull, 50.2, 52, 49, 0, 67, 65, 0, 52, 67, 119
2020 Pan American Masters, 2020-10-18, Women's Masters (35-39) 59kg, Roni Ayalla, 59, 51, 48, 0, -71, 68, 0, 51, 68, 119
2020 Pan American Masters, 2020-10-17, Women's Masters (55-59) 64kg, Kelly Garber, 60.8, 50, 49, 0, -68, 67, 0, 50, 67, 117
2020 Pan American Masters, 2020-10-16, Women's Masters (50-54) 64kg, Shari Ruelas, 64, 50, 48, 0, 67, 65, 0, 50, 67, 117
2020 Pan American Masters, 2020-10-14, Men's Masters (65-69) 109kg, Johnnie Hudson, 105.6, 49, 0, 0, 68, 0, 0, 49, 68, 117
2020 Pan American Masters, 2020-10-16, Women's Masters (50-54) 64kg, Shari Ruelas, 64, 50, 48, 0, 67, 65, 0, 50, 67, 117
2020 Pan American Masters, 2020-10-14, Men's Masters (65-69) 109kg, Johnnie Hudson, 105.6, 49, 0, 0, 68, 0, 0, 49, 68, 117
2020 Pan American Masters, 2020-10-17, Women's Masters (55-59) 64kg, Kelly Garber, 60.8, 50, 49, 0, -68, 67, 0, 50, 67, 117
2020 Pan American Masters, 2020-10-18, Women's Masters (50-54) +87kg, Juli Peterson, 102.2, 56, 0, 0, 60, 0, 0, 56, 60, 116
2020 Pan American Masters, 2020-10-18, Women's Masters (50-54) +87kg, Juli Peterson, 102.2, 56, 0, 0, 60, 0, 0, 56, 60, 116
2020 Pan American Masters, 2020-10-17, Women's Masters (60-64) 76kg, Julia Sodd, 74.8, 48, 0, 0, 67, 64, 0, 48, 67, 115
2020 Pan American Masters, 2020-10-16, Women's Masters (45-49) 87kg, Nichole Walker, 87, -51, 49, 0, 66, 64, 0, 49, 66, 115
2020 Pan American Masters, 2020-10-16, Women's Masters (45-49) 87kg, Nichole Walker, 87, -51, 49, 0, 66, 64, 0, 49, 66, 115
2020 Pan American Masters, 2020-10-17, Women's Masters (35-39) 49kg, Carla Miranda, 48.2, 50, 0, 0, 65, 0, 0, 50, 65, 115
2020 Pan American Masters, 2020-10-17, Women's Masters (60-64) 76kg, Julia Sodd, 74.8, 48, 0, 0, 67, 64, 0, 48, 67, 115
2020 Pan American Masters, 2020-10-17, Women's Masters (35-39) 49kg, Carla Miranda, 48.2, 50, 0, 0, 65, 0, 0, 50, 65, 115
2020 Pan American Masters, 2020-10-18, Women's Masters (40-44) 64kg, Leyla Balaskas, 61, 51, 50, 0, 63, 0, 0, 51, 63, 114
2020 Pan American Masters, 2020-10-18, Women's Masters (40-44) 64kg, Leyla Balaskas, 61, 51, 50, 0, 63, 0, 0, 51, 63, 114
2020 Pan American Masters, 2020-10-17, Women's Masters (45-49) 55kg, Tiffany Redwine, 55, -54, 50, 0, -66, 63, 0, 50, 63, 113
2020 Pan American Masters, 2020-10-17, Women's Masters (45-49) 55kg, Tiffany Redwine, 55, -54, 50, 0, -66, 63, 0, 50, 63, 113
2020 Pan American Masters, 2020-10-10, Women's Masters (55-59) 76kg, Marianne Huebner, 75, 47, 45, 0, 65, 63, 0, 47, 65, 112
2020 Pan American Masters, 2020-10-17, Women's Masters (50-54) 59kg, Ivette Carcas, 58.3, 50, 0, 0, 62, 0, 0, 50, 62, 112
2020 Pan American Masters, 2020-10-17, Women's Masters (50-54) 59kg, Ivette Carcas, 58.3, 50, 0, 0, 62, 0, 0, 50, 62, 112
2020 Pan American Masters, 2020-10-10, Women's Masters (55-59) 76kg, Marianne Huebner, 75, 47, 45, 0, 65, 63, 0, 47, 65, 112
2020 Pan American Masters, 2020-10-10, Women's Masters (40-44) 76kg, Mary Clark, 75.9, 48, 46, 0, 63, 60, 0, 48, 63, 111
2020 Pan American Masters, 2020-10-10, Women's Masters (40-44) 76kg, Mary Clark, 75.9, 48, 46, 0, 63, 60, 0, 48, 63, 111
2020 Pan American Masters, 2020-10-14, Men's Masters (70-74) 73kg, John Seppyes, 72, 46, 0, 0, 65, 0, 0, 46, 65, 111
2020 Pan American Masters, 2020-10-14, Men's Masters (70-74) 73kg, John Seppyes, 72, 46, 0, 0, 65, 0, 0, 46, 65, 111
2020 Pan American Masters, 2020-10-16, Women's Masters (55-59) 59kg, Catherine McCloskey, 58.4, 46, 44, 0, 64, 62, 0, 46, 64, 110
2020 Pan American Masters, 2020-10-16, Women's Masters (55-59) 59kg, Catherine McCloskey, 58.4, 46, 44, 0, 64, 62, 0, 46, 64, 110
2020 Pan American Masters, 2020-10-17, Women's Masters (45-49) 64kg, Heather Grzymkowski, 60.1, 49, 47, 0, 59, 55, 0, 49, 59, 108
2020 Pan American Masters, 2020-10-18, Women's Masters (45-49) 55kg, Lacretta Incorvaia, 54.6, 47, 45, 0, 61, 0, 0, 47, 61, 108
2020 Pan American Masters, 2020-10-17, Women's Masters (45-49) 64kg, Heather Grzymkowski, 60.1, 49, 47, 0, 59, 55, 0, 49, 59, 108
2020 Pan American Masters, 2020-10-18, Women's Masters (45-49) 55kg, Lacretta Incorvaia, 54.6, 47, 45, 0, 61, 0, 0, 47, 61, 108
2020 Pan American Masters, 2020-10-16, Women's Masters (35-39) 55kg, Helen Lin, 55, 49, 0, 0, 58, 0, 0, 49, 58, 107
2020 Pan American Masters, 2020-10-16, Women's Masters (35-39) 55kg, Helen Lin, 55, 49, 0, 0, 58, 0, 0, 49, 58, 107
2020 Pan American Masters, 2020-10-16, Men's Masters (75-79) 81kg, David Lovelace, 74, 48, 46, 0, 59, 55, 0, 48, 59, 107
2020 Pan American Masters, 2020-10-09, Women's Masters (55-59) 81kg, Gwen Chamberlin, 80.7, 46, 43, 0, 61, 58, 0, 46, 61, 107
2020 Pan American Masters, 2020-10-16, Men's Masters (75-79) 81kg, David Lovelace, 74, 48, 46, 0, 59, 55, 0, 48, 59, 107
2020 Pan American Masters, 2020-10-09, Women's Masters (55-59) 81kg, Gwen Chamberlin, 80.7, 46, 43, 0, 61, 58, 0, 46, 61, 107
2020 Pan American Masters, 2020-10-18, Women's Masters (50-54) 81kg, Levenda James, 80.5, 45, 43, 0, 60, 55, 0, 45, 60, 105
2020 Pan American Masters, 2020-10-17, Men's Masters (70-74) 96kg, William Paparella, 96, 47, 45, 0, -62, 58, 0, 47, 58, 105
2020 Pan American Masters, 2020-10-17, Men's Masters (70-74) 96kg, William Paparella, 96, 47, 45, 0, -62, 58, 0, 47, 58, 105
2020 Pan American Masters, 2020-10-18, Women's Masters (50-54) 81kg, Levenda James, 80.5, 45, 43, 0, 60, 55, 0, 45, 60, 105
2020 Pan American Masters, 2020-10-15, Women's Masters (55-59) +87kg, Michelle Galloway, 93.2, 49, 0, 0, -59, 55, 0, 49, 55, 104
2020 Pan American Masters, 2020-10-18, Men's Masters (65-69) 61kg, Michael Schaeffer, 60.4, 48, 46, 0, -59, 56, 0, 48, 56, 104
2020 Pan American Masters, 2020-10-17, Women's Masters (55-59) 64kg, Dawn Deeter-Schmelz, 63.5, 46, 45, 0, 58, -60, 0, 46, 58, 104
2020 Pan American Masters, 2020-10-15, Women's Masters (55-59) +87kg, Michelle Galloway, 93.2, 49, 0, 0, -59, 55, 0, 49, 55, 104
2020 Pan American Masters, 2020-10-17, Women's Masters (55-59) 64kg, Dawn Deeter-Schmelz, 63.5, 46, 45, 0, 58, -60, 0, 46, 58, 104
2020 Pan American Masters, 2020-10-14, Men's Masters (75-79) 96kg, Ray Huebschmann, 92.6, 42, 40, 0, 62, 61, 0, 42, 62, 104
2020 Pan American Masters, 2020-10-14, Men's Masters (75-79) 96kg, Ray Huebschmann, 92.6, 42, 40, 0, 62, 61, 0, 42, 62, 104
2020 Pan American Masters, 2020-10-18, Men's Masters (65-69) 61kg, Michael Schaeffer, 60.4, 48, 46, 0, -59, 56, 0, 48, 56, 104
2020 Pan American Masters, 2020-10-18, Women's Masters (45-49) 49kg, Sheryl Cohen, 49, 42, 0, 0, 58, 54, 0, 42, 58, 100
2020 Pan American Masters, 2020-10-18, Women's Masters (45-49) 49kg, Sheryl Cohen, 49, 42, 0, 0, 58, 54, 0, 42, 58, 100
2020 Pan American Masters, 2020-10-09, Women's Masters (55-59) 76kg, Janine Giovinazzi, 74.8, 44, 43, 0, 55, 54, 0, 44, 55, 99
2020 Pan American Masters, 2020-10-14, Women's Masters (60-64) 71kg, Anne Pinto, 68.8, 44, 43, 0, -57, 55, 0, 44, 55, 99
2020 Pan American Masters, 2020-10-18, Women's Masters (35-39) 55kg, Jane Jones, 54.4, 44, 0, 0, -58, 55, 0, 44, 55, 99
2020 Pan American Masters, 2020-10-14, Women's Masters (60-64) 71kg, Anne Pinto, 68.8, 44, 43, 0, -57, 55, 0, 44, 55, 99
2020 Pan American Masters, 2020-10-18, Women's Masters (35-39) 55kg, Jane Jones, 54.4, 44, 0, 0, -58, 55, 0, 44, 55, 99
2020 Pan American Masters, 2020-10-09, Women's Masters (55-59) 76kg, Janine Giovinazzi, 74.8, 44, 43, 0, 55, 54, 0, 44, 55, 99
2020 Pan American Masters, 2020-10-17, Women's Masters (50-54) 64kg, Denise Borgia, 62.95, 39, 35, 0, 58, 56, 0, 39, 58, 97
2020 Pan American Masters, 2020-10-18, Women's Masters (50-54) 64kg, Kirstin Boddy, 63.7, 41, 40, 0, 56, 54, 0, 41, 56, 97
2020 Pan American Masters, 2020-10-17, Women's Masters (50-54) 64kg, Denise Borgia, 62.95, 39, 35, 0, 58, 56, 0, 39, 58, 97
2020 Pan American Masters, 2020-10-18, Women's Masters (50-54) 64kg, Kirstin Boddy, 63.7, 41, 40, 0, 56, 54, 0, 41, 56, 97
2020 Pan American Masters, 2020-10-03, Women's Masters (55-59) 87kg, Eleanor Mallow, 83.5, 44, 43, 0, 52, -51, 0, 44, 52, 96
2020 Pan American Masters, 2020-10-17, Women's Masters (45-49) 55kg, Donna Lyn Au, 54.5, 43, 37, 0, 53, 47, 0, 43, 53, 96
2020 Pan American Masters, 2022-03-10, Women's Masters (55-59) 87kg, Eleanor Mallow, 83.5, 44, 43, 0, 52, -51, 0, 44, 52, 96
2020 Pan American Masters, 2020-10-17, Women's Masters (45-49) 55kg, Donna Lyn Au, 54.5, 43, 37, 0, 53, 47, 0, 43, 53, 96
2020 Pan American Masters, 2020-10-16, Women's Masters (55-59) 71kg, Aimee Behrens, 69.9, 46, 0, 0, 50, 0, 0, 46, 50, 96
2020 Pan American Masters, 2020-10-16, Women's Masters (55-59) 71kg, Aimee Behrens, 69.9, 46, 0, 0, 50, 0, 0, 46, 50, 96
2020 Pan American Masters, 2020-10-18, Women's Masters (45-49) 45kg, Janet Chow, 44.5, 41, 38, 0, 53, 51, 0, 41, 53, 94
2020 Pan American Masters, 2020-10-11, Men's Masters (75-79) 73kg, William Broyhill, 69.6, -43, 40, 0, 50, 54, 0, 40, 54, 94
2020 Pan American Masters, 2020-10-11, Men's Masters (75-79) 73kg, William Broyhill, 69.6, -43, 40, 0, 50, 54, 0, 40, 54, 94
2020 Pan American Masters, 2020-10-18, Women's Masters (45-49) 45kg, Janet Chow, 44.5, 41, 38, 0, 53, 51, 0, 41, 53, 94
2020 Pan American Masters, 2020-10-10, Women's Masters (50-54) 55kg, Mary Klein, 52, 43, 0, 0, 50, 0, 0, 43, 50, 93
2020 Pan American Masters, 2020-10-12, Women's Masters (60-64) +87kg, Nancy Colfer, 110.6, 41, 40, 0, 52, 51, 0, 41, 52, 93
2020 Pan American Masters, 2020-10-10, Women's Masters (50-54) 55kg, Mary Klein, 52, 43, 0, 0, 50, 0, 0, 43, 50, 93
2020 Pan American Masters, 2020-10-12, Women's Masters (60-64) +87kg, Nancy Colfer, 110.6, 41, 40, 0, 52, 51, 0, 41, 52, 93
2020 Pan American Masters, 2020-10-18, Women's Masters (60-64) 81kg, Diana Crudeli, 79.05, 38, 36, 0, 52, 50, 0, 38, 52, 90
2020 Pan American Masters, 2020-10-18, Women's Masters (60-64) 81kg, Diana Crudeli, 79.05, 38, 36, 0, 52, 50, 0, 38, 52, 90
2020 Pan American Masters, 2020-10-12, Women's Masters (60-64) 55kg, Anita Ng, 52.75, 37, 35, 0, 52, 50, 0, 37, 52, 89
2020 Pan American Masters, 2020-10-12, Women's Masters (60-64) 55kg, Anita Ng, 52.75, 37, 35, 0, 52, 50, 0, 37, 52, 89
2020 Pan American Masters, 2020-10-15, Women's Masters (55-59) 49kg, Lauren Goldenberg, 48, 39, 0, 0, 49, 0, 0, 39, 49, 88
2020 Pan American Masters, 2020-10-15, Women's Masters (55-59) 49kg, Lauren Goldenberg, 48, 39, 0, 0, 49, 0, 0, 39, 49, 88
2020 Pan American Masters, 2020-10-14, Women's Masters (65-69) 59kg, andrea woodyatt, 59, -39, 38, 0, -49, 48, 0, 38, 48, 86
2020 Pan American Masters, 2020-10-14, Women's Masters (65-69) 59kg, andrea woodyatt, 59, -39, 38, 0, -49, 48, 0, 38, 48, 86
2020 Pan American Masters, 2020-10-08, Women's Masters (60-64) 71kg, Lynn Paskiewicz, 70.8, 40, 0, 0, 45, 0, 0, 40, 45, 85
2020 Pan American Masters, 2020-10-08, Women's Masters (60-64) 71kg, Lynn Paskiewicz, 70.8, 40, 0, 0, 45, 0, 0, 40, 45, 85
2020 Pan American Masters, 2020-10-07, Men's Masters (70-74) 55kg, Dane Hussey, 54.2, 38, 33, 0, 45, 43, 0, 38, 45, 83
2020 Pan American Masters, 2020-10-07, Men's Masters (70-74) 55kg, Dane Hussey, 54.2, 38, 33, 0, 45, 43, 0, 38, 45, 83
2020 Pan American Masters, 2020-10-14, Women's Masters (60-64) 45kg, Margaret Franklin, 43.9, 37, 35, 0, 46, 44, 0, 37, 46, 83
2020 Pan American Masters, 2020-10-14, Women's Masters (60-64) 45kg, Margaret Franklin, 43.9, 37, 35, 0, 46, 44, 0, 37, 46, 83
2020 Pan American Masters, 2020-10-13, Women's Masters (55-59) 64kg, Dawn Deeter-Schmelz, 63.3, 34, 31, 0, -47, 46, 0, 34, 46, 80
2020 Pan American Masters, 2020-10-13, Women's Masters (55-59) 64kg, Dawn Deeter-Schmelz, 63.3, 34, 31, 0, -47, 46, 0, 34, 46, 80
2020 Pan American Masters, 2020-10-18, Women's Masters (60-64) 81kg, Debra Wright, 80.7, 33, 0, 0, 46, 0, 0, 33, 46, 79
2020 Pan American Masters, 2020-10-18, Women's Masters (60-64) 81kg, Debra Wright, 80.7, 33, 0, 0, 46, 0, 0, 33, 46, 79
2020 Pan American Masters, 2020-10-09, Women's Masters (60-64) 55kg, Terri Kinjo, 49.7, 35, 34, 0, 42, 40, 0, 35, 42, 77
2020 Pan American Masters, 2020-10-09, Women's Masters (60-64) 55kg, Terri Kinjo, 49.7, 35, 34, 0, 42, 40, 0, 35, 42, 77
2020 Pan American Masters, 2020-10-17, Men's Masters (80+) 73kg, Robert Southerlan, 69.6, -35, 32, 0, -43, 42, 0, 32, 42, 74
2020 Pan American Masters, 2020-10-17, Men's Masters (80+) 73kg, Robert Southerlan, 69.6, -35, 32, 0, -43, 42, 0, 32, 42, 74
2020 Pan American Masters, 2020-10-06, Women's Masters (70-74) 59kg, Carol Adams, 55.1, 29, 28, 0, 39, 38, 0, 29, 39, 68
2020 Pan American Masters, 2020-10-06, Women's Masters (70-74) 59kg, Carol Adams, 55.1, 29, 28, 0, 39, 38, 0, 29, 39, 68
2020 Pan American Masters, 2020-10-17, Women's Masters (60-64) 49kg, Renee Ferguson, 46.9, 28, 27, 0, 36, 34, 0, 28, 36, 64
2020 Pan American Masters, 2020-10-17, Women's Masters (60-64) 49kg, Renee Ferguson, 46.9, 28, 27, 0, 36, 34, 0, 28, 36, 64
2020 Pan American Masters, 2020-10-10, Women's Masters (70-74) 55kg, Marcy Seymour, 53.7, 26, 25, 0, 30, 0, 0, 26, 30, 56
2020 Pan American Masters, 2020-10-10, Women's Masters (70-74) 55kg, Marcy Seymour, 53.7, 26, 25, 0, 30, 0, 0, 26, 30, 56
2020 Pan American Masters, 2020-10-16, Women's Masters (65-69) 59kg, Sara Contente, 56.7, 24, 23, 0, -31, 30, 0, 24, 30, 54
2020 Pan American Masters, 2020-10-16, Women's Masters (65-69) 59kg, Sara Contente, 56.7, 24, 23, 0, -31, 30, 0, 24, 30, 54
2020 Pan American Masters, 2020-10-17, Women's Masters (65-69) 49kg, joann truby, 48.7, -20, 0, 0, 31, 29, 0, 0, 31, 0
2020 Pan American Masters, 2020-10-17, Women's Masters (65-69) 49kg, joann truby, 48.7, -20, 0, 0, 31, 29, 0, 0, 31, 0











